"UNITID"	"INSTNM"	"LONGITUD"	"LATITUDE"	"ACTCM25"	"ACTCM75"	"ACTEN25"	"ACTEN75"	"ACTMT25"	"ACTMT75"	"ACTNUM"	"SATPCT"	"ACTWR25"	"ACTWR75"	"ADMCON7"	"ADMCON8"	"ADMCON9"	"SATMT25"	"SATMT75"	"SATNUM"	"SATPCT.1"	"SATVR25"	"SATVR75"	"SATWR25"	"SATWR75"	"SCFA2"	"SCFY2"	"SCUGRAD"	"GIS4G0"	"GIS4G1"	"GIS4G10"	"GIS4G11"	"GIS4G12"	"GIS4G2"	"GIS4G20"	"GIS4G21"	"GIS4G22"	"GIS4G30"	"GIS4G31"	"GIS4G32"	"GIS4G40"	"GIS4G41"	"GIS4G42"	"GIS4G50"	"GIS4G51"	"GIS4G52"	"GRN4G0"	"GRN4G1"	"GRN4G10"	"GRN4G11"	"GRN4G12"	"GRN4G2"	"GRN4G20"	"GRN4G21"	"GRN4G22"	"GRN4G30"	"GRN4G31"	"GRN4G32"	"GRN4G40"	"GRN4G41"	"GRN4G42"	"GRN4G50"	"GRN4G51"	"GRN4G52"	"year"
145637	"University of Illinois at Urbana-Champaign"	"-88.230309"	"40.108864"	26	31	26	32	26	33	5967	24	8	9	1	1	3	690	780	1761	24	540	660	590	680	31540	NA	31540	1065	1230	489	539	619	1386	389	417	397	153	241	323	20	18	40	14	15	7	NA	NA	NA	NA	NA	NA	NA	NA	NA	NA	NA	NA	NA	NA	NA	NA	NA	NA	2011
147767	"Northwestern University"	"-87.673653"	"42.058377"	31	33	32	35	30	35	1351	67	8	10	1	1	3	700	780	1421	67	680	750	680	770	9535	NA	9535	NA	NA	NA	NA	NA	NA	NA	NA	NA	NA	NA	NA	NA	NA	NA	NA	NA	NA	138	262	62	121	139	309	56	87	93	18	51	69	2	3	8	0	0	0	2011
151351	"Indiana University-Bloomington"	"-86.526904"	"39.166383"	24	29	24	30	24	29	4067	75	8	10	1	1	4	540	650	5531	75	510	630	510	620	32367	NA	32367	939	1160	341	489	533	1289	402	399	404	193	253	317	3	19	35	0	0	0	NA	NA	NA	NA	NA	NA	NA	NA	NA	NA	NA	NA	NA	NA	NA	NA	NA	NA	2011
153658	"University of Iowa"	"-91.535698"	"41.660695"	23	28	22	28	23	28	4078	9	NA	NA	1	1	3	540	685	395	9	450	630	NA	NA	21179	NA	21179	506	467	190	187	219	519	174	156	141	125	105	139	12	13	12	5	6	8	NA	NA	NA	NA	NA	NA	NA	NA	NA	NA	NA	NA	NA	NA	NA	NA	NA	NA	2011
163286	"University of Maryland-College Park"	"-76.939704"	"38.988607"	NA	NA	NA	NA	NA	NA	0	92	NA	NA	1	1	4	610	710	3685	92	580	680	NA	NA	26922	NA	26922	740	784	145	168	195	853	162	131	152	156	183	202	141	140	158	136	162	146	NA	NA	NA	NA	NA	NA	NA	NA	NA	NA	NA	NA	NA	NA	NA	NA	NA	NA	2011
170976	"University of Michigan-Ann Arbor"	"-83.743132"	"42.276137"	28	32	28	33	27	33	4977	34	NA	NA	1	1	3	650	750	2147	34	600	700	620	720	27027	NA	27027	531	675	220	300	298	690	218	211	212	90	156	160	3	8	20	0	0	0	NA	NA	NA	NA	NA	NA	NA	NA	NA	NA	NA	NA	NA	NA	NA	NA	NA	NA	2011
171100	"Michigan State University"	"-84.473639"	"42.724760"	23	28	22	28	23	28	6522	13	NA	NA	1	1	3	540	670	1026	13	440	600	450	600	35921	NA	35921	3095	3128	638	883	885	2602	501	522	512	561	548	577	636	514	416	759	661	212	NA	NA	NA	NA	NA	NA	NA	NA	NA	NA	NA	NA	NA	NA	NA	NA	NA	NA	2011
174066	"University of Minnesota-Twin Cities"	"-93.235352"	"44.977886"	25	30	24	31	25	30	4882	15	7	8	1	1	4	610	740	817	15	540	690	550	670	33607	NA	33607	757	852	321	383	406	967	275	243	300	146	198	242	14	28	17	1	0	2	NA	NA	NA	NA	NA	NA	NA	NA	NA	NA	NA	NA	NA	NA	NA	NA	NA	NA	2011
181464	"University of Nebraska-Lincoln"	"-96.702177"	"40.822272"	22	28	22	29	22	28	3877	8	NA	NA	1	1	3	520	670	346	8	510	660	NA	NA	19383	NA	19383	590	780	185	300	282	838	254	239	252	143	226	270	8	15	32	0	0	2	NA	NA	NA	NA	NA	NA	NA	NA	NA	NA	NA	NA	NA	NA	NA	NA	NA	NA	2011
186380	"Rutgers University-New Brunswick"	"-74.450510"	"40.503796"	NA	NA	NA	NA	NA	NA	0	96	NA	NA	1	1	4	560	680	5839	96	520	630	530	640	30351	NA	30351	1454	1414	795	778	816	1606	413	400	480	231	223	294	14	12	15	1	1	1	NA	NA	NA	NA	NA	NA	NA	NA	NA	NA	NA	NA	NA	NA	NA	NA	NA	NA	2011
204796	"Ohio State University-Main Campus"	"-83.009001"	"39.998389"	26	30	25	31	26	31	6057	42	7	8	1	1	4	600	700	2996	42	540	660	550	650	42082	NA	42082	825	1068	296	421	421	1200	345	376	361	174	249	365	10	21	51	0	1	2	NA	NA	NA	NA	NA	NA	NA	NA	NA	NA	NA	NA	NA	NA	NA	NA	NA	NA	2011
214777	"Pennsylvania State University-Main Campus"	"-77.861644"	"40.800732"	25	29	25	30	25	30	966	81	8	9	1	1	3	560	670	5851	81	530	630	530	640	38594	NA	38594	660	692	249	298	319	829	265	215	242	144	166	238	2	13	30	0	0	0	NA	NA	NA	NA	NA	NA	NA	NA	NA	NA	NA	NA	NA	NA	NA	NA	NA	NA	2011
243780	"Purdue University-Main Campus"	"-86.914435"	"40.428206"	24	30	23	30	24	31	3089	73	NA	NA	1	1	3	550	690	4841	73	490	610	500	610	32173	NA	32173	765	954	262	378	415	1066	313	319	308	184	233	297	5	22	42	1	2	4	NA	NA	NA	NA	NA	NA	NA	NA	NA	NA	NA	NA	NA	NA	NA	NA	NA	NA	2011
240444	"University of Wisconsin-Madison"	"-89.405356"	"43.073858"	26	30	26	32	26	31	5185	21	8	9	1	1	3	620	740	1226	21	530	670	580	670	30170	NA	30170	418	561	117	196	205	678	184	188	219	112	169	231	5	7	23	0	1	0	NA	NA	NA	NA	NA	NA	NA	NA	NA	NA	NA	NA	NA	NA	NA	NA	NA	NA	2011
153658	"University of Iowa"	"-91.535698"	"41.660695"	22	28	22	28	22	28	4054	8	NA	NA	1	1	3	550	690	358	8	470	630	490	610	21564	NA	21564	467	519	187	219	175	1004	156	141	177	105	139	227	13	12	211	6	8	214	NA	NA	NA	NA	NA	NA	NA	NA	NA	NA	NA	NA	NA	NA	NA	NA	NA	NA	2012
145637	"University of Illinois at Urbana-Champaign"	"-88.230309"	"40.108864"	26	31	26	32	26	32	5632	25	8	9	1	1	3	680	790	1720	25	550	680	570	680	32256	NA	32256	1230	1386	539	619	653	2226	417	397	465	241	323	489	18	40	351	15	7	268	NA	NA	NA	NA	NA	NA	NA	NA	NA	NA	NA	NA	NA	NA	NA	NA	NA	NA	2012
147767	"Northwestern University"	"-87.673653"	"42.058377"	31	34	31	35	32	35	1686	65	8	10	1	1	3	700	780	1370	65	680	760	680	770	9466	NA	9466	NA	NA	NA	NA	NA	NA	NA	NA	NA	NA	NA	NA	NA	NA	NA	NA	NA	NA	262	309	121	139	140	882	87	93	93	51	69	161	3	8	181	0	0	307	2012
151351	"Indiana University-Bloomington"	"-86.526904"	"39.166383"	24	29	23	30	24	29	4546	75	7	9	1	1	4	540	660	5719	75	510	620	510	610	32543	NA	32543	1160	1289	489	533	544	1877	399	404	383	253	317	426	19	35	278	0	0	246	NA	NA	NA	NA	NA	NA	NA	NA	NA	NA	NA	NA	NA	NA	NA	NA	NA	NA	2012
163286	"University of Maryland-College Park"	"-76.939704"	"38.988607"	NA	NA	NA	NA	NA	NA	0	92	NA	NA	1	1	4	610	720	3574	92	580	690	NA	NA	26826	NA	26826	784	853	168	195	199	843	131	152	152	183	202	204	140	158	141	162	146	147	NA	NA	NA	NA	NA	NA	NA	NA	NA	NA	NA	NA	NA	NA	NA	NA	NA	NA	2012
170976	"University of Michigan-Ann Arbor"	"-83.743132"	"42.276138"	28	32	28	34	27	33	4833	35	NA	NA	1	1	3	650	760	2146	35	610	700	620	720	27407	NA	27407	675	690	300	298	312	1483	211	212	237	156	160	321	8	20	331	0	0	282	NA	NA	NA	NA	NA	NA	NA	NA	NA	NA	NA	NA	NA	NA	NA	NA	NA	NA	2012
171100	"Michigan State University"	"-84.473639"	"42.724760"	23	28	22	29	23	28	6719	13	NA	NA	2	2	3	540	680	1083	13	430	580	460	580	36557	NA	36557	3128	2602	883	885	902	2614	522	512	527	548	577	525	514	416	447	661	212	213	NA	NA	NA	NA	NA	NA	NA	NA	NA	NA	NA	NA	NA	NA	NA	NA	NA	NA	2012
174066	"University of Minnesota-Twin Cities"	"-93.235352"	"44.977886"	25	30	24	31	25	30	5050	14	7	8	1	1	4	620	740	778	14	540	690	560	670	34812	NA	34812	852	967	383	406	416	1863	243	300	320	198	242	411	28	17	504	0	2	212	NA	NA	NA	NA	NA	NA	NA	NA	NA	NA	NA	NA	NA	NA	NA	NA	NA	NA	2012
181464	"University of Nebraska-Lincoln"	"-96.702177"	"40.822272"	22	29	21	29	22	28	3702	8	NA	NA	1	1	3	540	680	317	8	510	660	NA	NA	19345	NA	19345	780	838	300	282	298	1428	239	252	260	226	270	395	15	32	197	0	2	278	NA	NA	NA	NA	NA	NA	NA	NA	NA	NA	NA	NA	NA	NA	NA	NA	NA	NA	2012
186380	"Rutgers University-New Brunswick"	"-74.450510"	"40.503796"	NA	NA	NA	NA	NA	NA	0	95	NA	NA	1	1	4	560	680	5855	95	520	630	540	650	31268	NA	31268	1414	1606	778	816	861	2423	400	480	574	223	294	510	12	15	280	1	1	198	NA	NA	NA	NA	NA	NA	NA	NA	NA	NA	NA	NA	NA	NA	NA	NA	NA	NA	2012
204796	"Ohio State University-Main Campus"	"-83.009001"	"39.998389"	26	30	25	32	26	31	6070	41	7	8	1	1	4	610	710	2945	41	540	650	550	650	42916	NA	42916	1068	1200	421	421	562	2514	376	361	378	249	365	602	21	51	500	1	2	472	NA	NA	NA	NA	NA	NA	NA	NA	NA	NA	NA	NA	NA	NA	NA	NA	NA	NA	2012
214777	"Pennsylvania State University-Main Campus"	"-77.861644"	"40.800732"	25	29	25	30	25	30	1054	79	8	9	1	1	3	560	670	5781	79	530	630	540	640	38954	NA	38954	692	829	298	319	300	1425	215	242	266	166	238	372	13	30	271	0	0	216	NA	NA	NA	NA	NA	NA	NA	NA	NA	NA	NA	NA	NA	NA	NA	NA	NA	NA	2012
240444	"University of Wisconsin-Madison"	"-89.405356"	"43.073858"	26	30	26	31	26	31	5262	18	8	9	1	1	3	620	740	1030	18	550	670	590	680	30014	NA	30014	561	678	196	205	167	667	188	219	237	169	231	236	7	23	27	1	0	0	NA	NA	NA	NA	NA	NA	NA	NA	NA	NA	NA	NA	NA	NA	NA	NA	NA	NA	2012
243780	"Purdue University-Main Campus"	"-86.914435"	"40.428206"	24	30	23	30	25	31	3290	70	NA	NA	1	1	3	550	680	4549	70	510	620	510	620	31988	NA	31988	954	1066	378	415	383	1524	319	308	293	233	297	418	22	42	307	2	4	123	NA	NA	NA	NA	NA	NA	NA	NA	NA	NA	NA	NA	NA	NA	NA	NA	NA	NA	2012
147767	"Northwestern University"	"-87.673653"	"42.058377"	31	34	32	35	30	35	1222	64	8	10	1	1	3	700	790	1298	64	690	760	690	770	9376	NA	9376	NA	NA	NA	NA	NA	NA	NA	NA	NA	NA	NA	NA	NA	NA	NA	NA	NA	NA	950	882	148	140	138	811	108	93	95	183	161	127	231	181	170	280	307	281	2013
145637	"University of Illinois at Urbana-Champaign"	"-88.230309"	"40.108864"	26	31	26	32	26	33	5756	28	8	9	1	1	3	700	780	2048	28	560	670	580	670	32281	NA	32281	1386	2226	619	653	655	2079	397	465	403	323	489	446	40	351	325	7	268	250	NA	NA	NA	NA	NA	NA	NA	NA	NA	NA	NA	NA	NA	NA	NA	NA	NA	NA	2013
151351	"Indiana University-Bloomington"	"-86.526904"	"39.166383"	24	30	24	31	24	30	4850	72	7	8	1	1	4	540	660	5475	72	520	630	510	620	32371	NA	32371	1289	1877	533	544	536	1883	404	383	430	317	426	428	35	278	248	0	246	241	NA	NA	NA	NA	NA	NA	NA	NA	NA	NA	NA	NA	NA	NA	NA	NA	NA	NA	2013
153658	"University of Iowa"	"-91.535698"	"41.660695"	25	28	25	28	25	28	3990	10	NA	NA	1	1	3	620	680	468	10	540	620	NA	NA	21999	NA	21999	519	1004	219	175	190	1017	141	177	183	139	227	210	12	211	211	8	214	223	NA	NA	NA	NA	NA	NA	NA	NA	NA	NA	NA	NA	NA	NA	NA	NA	NA	NA	2013
163286	"University of Maryland-College Park"	"-76.939704"	"38.988607"	NA	NA	NA	NA	NA	NA	0	91	NA	NA	1	1	4	620	730	3640	91	580	690	NA	NA	26538	NA	26538	853	843	195	199	195	909	152	152	150	202	204	223	158	141	175	146	147	166	NA	NA	NA	NA	NA	NA	NA	NA	NA	NA	NA	NA	NA	NA	NA	NA	NA	NA	2013
170976	"University of Michigan-Ann Arbor"	"-83.743130"	"42.276172"	28	32	27	31	28	34	4922	34	NA	NA	1	1	3	660	760	2045	34	620	720	630	730	27979	NA	27979	1517	1483	303	312	287	1421	223	237	208	357	321	258	374	331	346	260	282	322	NA	NA	NA	NA	NA	NA	NA	NA	NA	NA	NA	NA	NA	NA	NA	NA	NA	NA	2013
171100	"Michigan State University"	"-84.473639"	"42.724760"	23	28	23	29	23	28	6405	15	8	9	2	2	3	550	690	1161	15	420	580	460	580	37354	NA	37354	2602	2614	885	902	823	2462	512	527	474	577	525	501	416	447	409	212	213	255	NA	NA	NA	NA	NA	NA	NA	NA	NA	NA	NA	NA	NA	NA	NA	NA	NA	NA	2013
174066	"University of Minnesota-Twin Cities"	"-93.235352"	"44.977886"	26	30	24	31	25	30	5088	14	7	8	1	1	4	620	740	779	14	550	690	570	670	34469	NA	34469	967	1863	406	416	370	1786	300	320	327	242	411	434	17	504	427	2	212	228	NA	NA	NA	NA	NA	NA	NA	NA	NA	NA	NA	NA	NA	NA	NA	NA	NA	NA	2013
181464	"University of Nebraska-Lincoln"	"-96.702177"	"40.822272"	22	28	21	29	22	28	4115	7	NA	NA	1	1	3	520	670	310	7	490	660	NA	NA	19103	NA	19103	838	1428	282	298	278	1387	252	260	269	270	395	355	32	197	277	2	278	208	NA	NA	NA	NA	NA	NA	NA	NA	NA	NA	NA	NA	NA	NA	NA	NA	NA	NA	2013
186380	"Rutgers University-New Brunswick"	"-74.450510"	"40.503796"	NA	NA	NA	NA	NA	NA	0	95	NA	NA	1	1	4	570	690	6004	95	520	640	540	650	31593	NA	31593	1806	2423	816	861	869	2353	480	574	506	494	510	502	15	280	266	1	198	210	NA	NA	NA	NA	NA	NA	NA	NA	NA	NA	NA	NA	NA	NA	NA	NA	NA	NA	2013
204796	"Ohio State University-Main Campus"	"-83.009001"	"39.998389"	27	31	26	32	26	31	5940	39	8	9	1	1	3	610	720	2807	39	540	660	550	660	43058	NA	43058	1200	2514	421	562	475	2524	361	378	381	365	602	570	51	500	510	2	472	588	NA	NA	NA	NA	NA	NA	NA	NA	NA	NA	NA	NA	NA	NA	NA	NA	NA	NA	2013
214777	"Pennsylvania State University-Main Campus"	"-77.861644"	"40.800732"	25	29	24	30	25	30	1024	78	8	9	1	1	3	560	670	5916	78	530	630	540	640	39192	NA	39192	829	1425	319	300	300	1497	242	266	293	238	372	370	30	271	301	0	216	233	NA	NA	NA	NA	NA	NA	NA	NA	NA	NA	NA	NA	NA	NA	NA	NA	NA	NA	2013
243780	"Purdue University-Main Campus"	"-86.914435"	"40.428206"	24	30	23	31	25	32	3430	73	NA	NA	1	1	3	560	690	4663	73	520	630	520	630	31284	NA	31284	1066	1524	415	383	367	1464	308	293	283	297	418	395	42	307	271	4	123	148	NA	NA	NA	NA	NA	NA	NA	NA	NA	NA	NA	NA	NA	NA	NA	NA	NA	NA	2013
240444	"University of Wisconsin-Madison"	"-89.405356"	"43.073858"	26	30	26	32	26	31	5332	22	8	9	1	1	3	630	750	1401	22	530	650	580	670	30301	NA	30301	678	667	205	167	200	1241	219	237	215	231	236	322	23	27	326	0	0	178	NA	NA	NA	NA	NA	NA	NA	NA	NA	NA	NA	NA	NA	NA	NA	NA	NA	NA	2013
145637	"University of Illinois at Urbana-Champaign"	"-88.230309"	"40.108864"	26	32	26	33	26	33	5440	28	8	9	1	1	3	700	790	1962	28	590	690	600	690	32695	NA	32695	2226	2079	653	655	699	2193	465	403	468	489	446	456	351	325	290	268	250	280	NA	NA	NA	NA	NA	NA	NA	NA	NA	NA	NA	NA	NA	NA	NA	NA	NA	NA	2014
151351	"Indiana University-Bloomington"	"-86.526904"	"39.166383"	24	30	24	31	24	29	4811	72	7	9	1	1	4	540	660	5546	72	520	630	510	620	36862	NA	36862	1877	1883	544	536	538	1745	383	430	373	426	428	360	278	248	221	246	241	253	NA	NA	NA	NA	NA	NA	NA	NA	NA	NA	NA	NA	NA	NA	NA	NA	NA	NA	2014
147767	"Northwestern University"	"-87.673653"	"42.058377"	31	34	NA	NA	30	35	1119	65	8	10	1	1	3	700	790	1327	65	690	770	690	770	9283	NA	9283	NA	NA	NA	NA	NA	NA	NA	NA	NA	NA	NA	NA	NA	NA	NA	NA	NA	NA	882	811	140	138	132	788	93	95	112	161	127	138	181	170	141	307	281	265	2014
153658	"University of Iowa"	"-91.535698"	"41.660695"	23	28	22	28	22	28	4061	11	NA	NA	1	1	3	540	700	527	11	460	620	NA	NA	21974	NA	21974	1004	1017	175	190	207	1039	177	183	172	227	210	226	211	211	208	214	223	226	NA	NA	NA	NA	NA	NA	NA	NA	NA	NA	NA	NA	NA	NA	NA	NA	NA	NA	2014
163286	"University of Maryland-College Park"	"-76.939704"	"38.988607"	NA	NA	NA	NA	NA	NA	NA	88	NA	NA	1	1	4	620	730	3667	88	590	690	NA	NA	26658	NA	26658	843	909	199	195	194	876	152	150	145	204	223	200	141	175	162	147	166	175	NA	NA	NA	NA	NA	NA	NA	NA	NA	NA	NA	NA	NA	NA	NA	NA	NA	NA	2014
170976	"University of Michigan-Ann Arbor"	"-83.743130"	"42.276172"	29	33	29	34	27	33	5258	32	8	9	1	1	3	660	760	2107	32	620	720	620	720	28283	NA	28283	1483	1421	312	287	266	1423	237	208	190	321	258	299	331	346	331	282	322	337	NA	NA	NA	NA	NA	NA	NA	NA	NA	NA	NA	NA	NA	NA	NA	NA	NA	NA	2014
171100	"Michigan State University"	"-84.473639"	"42.724760"	23	28	23	29	23	28	6503	15	8	9	1	1	3	540	690	1179	15	430	580	460	570	37985	NA	37985	2614	2462	902	823	863	2465	527	474	423	525	501	480	447	409	420	213	255	279	NA	NA	NA	NA	NA	NA	NA	NA	NA	NA	NA	NA	NA	NA	NA	NA	NA	NA	2014
174066	"University of Minnesota-Twin Cities"	"-93.235352"	"44.977886"	26	30	24	31	25	30	5030	14	8	9	1	1	3	620	750	751	14	560	690	570	680	34449	NA	34449	1863	1786	416	370	376	1837	320	327	307	411	434	381	504	427	463	212	228	310	NA	NA	NA	NA	NA	NA	NA	NA	NA	NA	NA	NA	NA	NA	NA	NA	NA	NA	2014
181464	"University of Nebraska-Lincoln"	"-96.702177"	"40.822272"	22	28	21	29	22	28	4337	7	NA	NA	1	1	3	520	660	309	7	500	640	NA	NA	19376	NA	19376	1428	1387	298	278	356	1629	260	269	329	395	355	408	197	277	300	278	208	236	NA	NA	NA	NA	NA	NA	NA	NA	NA	NA	NA	NA	NA	NA	NA	NA	NA	NA	2014
186380	"Rutgers University-New Brunswick"	"-74.450510"	"40.503796"	NA	NA	NA	NA	NA	NA	0	94	NA	NA	1	1	4	570	700	6041	94	520	640	540	660	34983	NA	34983	2423	2353	861	869	941	2507	574	506	542	510	502	508	280	266	280	198	210	236	NA	NA	NA	NA	NA	NA	NA	NA	NA	NA	NA	NA	NA	NA	NA	NA	NA	NA	2014
204796	"Ohio State University-Main Campus"	"-83.009001"	"39.998389"	27	31	26	32	26	31	5900	36	8	9	1	1	3	620	730	2573	36	540	660	560	660	44201	NA	44201	2514	2524	562	475	432	2377	378	381	299	602	570	498	500	510	516	472	588	632	NA	NA	NA	NA	NA	NA	NA	NA	NA	NA	NA	NA	NA	NA	NA	NA	NA	NA	2014
214777	"Pennsylvania State University-Main Campus"	"-77.861644"	"40.800732"	25	29	24	30	25	30	1371	75	8	9	1	1	3	560	670	6099	75	530	620	540	640	40085	NA	40085	1425	1497	300	300	309	1594	266	293	250	372	370	343	271	301	328	216	233	364	NA	NA	NA	NA	NA	NA	NA	NA	NA	NA	NA	NA	NA	NA	NA	NA	NA	NA	2014
240444	"University of Wisconsin-Madison"	"-89.405356"	"43.073858"	26	31	26	32	26	31	5554	18	8	9	1	1	3	620	740	1104	18	560	660	590	680	30728	NA	30728	1343	1241	169	200	242	1306	245	215	235	405	322	341	335	326	304	189	178	184	NA	NA	NA	NA	NA	NA	NA	NA	NA	NA	NA	NA	NA	NA	NA	NA	NA	NA	2014
243780	"Purdue University-Main Campus"	"-86.914435"	"40.428206"	24	30	24	31	25	32	3465	73	NA	NA	1	3	3	560	700	4777	73	520	630	520	630	30446	NA	30446	1524	1464	383	367	341	1475	293	283	275	418	395	386	307	271	307	123	148	166	NA	NA	NA	NA	NA	NA	NA	NA	NA	NA	NA	NA	NA	NA	NA	NA	NA	NA	2014
145637	"University of Illinois at Urbana-Champaign"	"-88.230309"	"40.108864"	26	31	25	33	26	32	6166	25	8	9	1	1	3	700	790	1849	25	570	680	590	690	32959	NA	32959	2079	2193	655	699	612	2168	403	468	409	446	456	469	325	290	316	250	280	362	NA	NA	NA	NA	NA	NA	NA	NA	NA	NA	NA	NA	NA	NA	NA	NA	NA	NA	2015
147767	"Northwestern University"	"-87.673653"	"42.058377"	31	34	33	35	30	35	1253	47	8	10	1	1	3	710	800	945	47	690	760	680	770	9048	NA	9048	NA	NA	NA	NA	NA	NA	NA	NA	NA	NA	NA	NA	NA	NA	NA	NA	NA	NA	811	788	138	132	101	755	95	112	84	127	138	129	170	141	156	281	265	285	2015
151351	"Indiana University-Bloomington"	"-86.526904"	"39.166383"	24	30	23	31	24	30	5183	71	8	9	1	1	4	540	660	5609	71	520	630	510	620	36419	NA	36419	1883	1745	536	538	518	1833	430	373	369	428	360	392	248	221	237	241	253	317	NA	NA	NA	NA	NA	NA	NA	NA	NA	NA	NA	NA	NA	NA	NA	NA	NA	NA	2015
153658	"University of Iowa"	"-91.535698"	"41.660695"	23	28	22	29	22	28	4602	10	NA	NA	1	1	3	540	690	546	10	460	630	NA	NA	22354	NA	22354	1017	1039	190	207	236	1178	183	172	178	210	226	211	211	208	230	223	226	323	NA	NA	NA	NA	NA	NA	NA	NA	NA	NA	NA	NA	NA	NA	NA	NA	NA	NA	2015
163286	"University of Maryland-College Park"	"-76.939494"	"38.985379"	NA	NA	NA	NA	NA	NA	0	84	NA	NA	1	1	4	620	730	3295	84	590	690	NA	NA	27056	NA	27056	909	876	195	194	186	924	150	145	164	223	200	200	175	162	188	166	175	186	NA	NA	NA	NA	NA	NA	NA	NA	NA	NA	NA	NA	NA	NA	NA	NA	NA	NA	2015
170976	"University of Michigan-Ann Arbor"	"-83.743121"	"42.276061"	29	33	30	34	28	34	5132	28	8	9	1	1	3	660	770	1674	28	630	730	640	730	28395	NA	28395	1421	1423	287	266	288	1332	208	190	177	258	299	256	346	331	272	322	337	339	NA	NA	NA	NA	NA	NA	NA	NA	NA	NA	NA	NA	NA	NA	NA	NA	NA	NA	2015
171100	"Michigan State University"	"-84.476111"	"42.732120"	23	28	23	29	23	28	6784	13	8	9	1	1	3	530	680	1049	13	450	580	460	580	38786	NA	38786	2462	2465	823	863	832	2386	474	423	443	501	480	459	409	420	381	255	279	271	NA	NA	NA	NA	NA	NA	NA	NA	NA	NA	NA	NA	NA	NA	NA	NA	NA	NA	2015
174066	"University of Minnesota-Twin Cities"	"-93.235352"	"44.977886"	26	31	25	32	25	31	5323	12	8	9	1	1	3	620	740	717	12	560	700	570	690	34351	NA	34351	1786	1837	370	376	338	1826	327	307	310	434	381	396	427	463	440	228	310	342	NA	NA	NA	NA	NA	NA	NA	NA	NA	NA	NA	NA	NA	NA	NA	NA	NA	NA	2015
181464	"University of Nebraska-Lincoln"	"-96.702177"	"40.822272"	22	28	21	29	21	28	4331	7	NA	NA	1	1	3	500	660	319	7	500	630	NA	NA	19979	NA	19979	1387	1629	278	356	355	1634	269	329	305	355	408	408	277	300	315	208	236	251	NA	NA	NA	NA	NA	NA	NA	NA	NA	NA	NA	NA	NA	NA	NA	NA	NA	NA	2015
186380	"Rutgers University-New Brunswick"	"-74.450510"	"40.503796"	NA	NA	NA	NA	NA	NA	0	93	NA	NA	1	1	4	580	700	6501	93	530	640	540	660	36016	NA	36016	2353	2507	869	941	892	2303	506	542	491	502	508	472	266	280	243	210	236	205	NA	NA	NA	NA	NA	NA	NA	NA	NA	NA	NA	NA	NA	NA	NA	NA	NA	NA	2015
204796	"Ohio State University-Main Campus"	"-83.009001"	"39.998389"	27	31	26	33	27	31	6099	32	8	9	1	1	3	610	720	2280	32	560	670	560	660	44741	NA	44741	2524	2377	475	432	393	2295	381	299	321	570	498	430	510	516	473	588	632	678	NA	NA	NA	NA	NA	NA	NA	NA	NA	NA	NA	NA	NA	NA	NA	NA	NA	NA	2015
214777	"Pennsylvania State University-Main Campus"	"-77.861644"	"40.800732"	25	29	25	31	25	30	1541	72	8	9	1	1	3	560	670	5516	72	530	630	540	640	40541	NA	40541	1497	1594	300	309	304	1487	293	250	230	370	343	361	301	328	320	233	364	272	NA	NA	NA	NA	NA	NA	NA	NA	NA	NA	NA	NA	NA	NA	NA	NA	NA	NA	2015
240444	"University of Wisconsin-Madison"	"-89.405356"	"43.073858"	27	31	26	32	26	31	5431	19	8	9	1	1	3	630	750	1172	19	560	660	590	690	30694	NA	30694	1241	1306	200	242	188	1186	215	235	186	322	341	320	326	304	294	178	184	198	NA	NA	NA	NA	NA	NA	NA	NA	NA	NA	NA	NA	NA	NA	NA	NA	NA	NA	2015
243780	"Purdue University-Main Campus"	"-86.914435"	"40.428206"	25	31	24	32	25	32	3976	73	NA	NA	1	3	3	560	700	5050	73	520	630	510	630	30237	NA	30237	1464	1475	367	341	320	1379	283	275	282	395	386	359	271	307	254	148	166	164	NA	NA	NA	NA	NA	NA	NA	NA	NA	NA	NA	NA	NA	NA	NA	NA	NA	NA	2015
